0 0 1 -1 1 2 
0 1 1 -1 2 6 
1 0 1 -1 2 6 
0 2 1 -1 3 12 
1 1 1 -1 3 12 
2 0 1 -1 3 12 
0 3 1 -1 4 20 
1 2 1 -1 4 20 
2 1 1 -1 4 20 
3 0 1 -1 4 20 
0 4 1 -1 5 30 
1 3 1 -1 5 30 
2 2 1 -1 5 30 
3 1 1 -1 5 30 
4 0 1 -1 5 30 
0 5 1 -1 6 42 
1 4 1 -1 6 42 
2 3 1 -1 6 42 
3 2 1 -1 6 42 
4 1 1 -1 6 42 
5 0 1 -1 6 42 
0 6 1 -1 7 56 
1 5 1 -1 7 56 
2 4 1 -1 7 56 
3 3 1 -1 7 56 
4 2 1 -1 7 56 
5 1 1 -1 7 56 
6 0 1 -1 7 56 
0 7 1 -1 8 72 
1 6 1 -1 8 72 
2 5 1 -1 8 72 
3 4 1 -1 8 72 
4 3 1 -1 8 72 
5 2 1 -1 8 72 
6 1 1 -1 8 72 
7 0 1 -1 8 72 
0 0 1 1 1 2 
0 1 1 1 2 6 
1 0 1 1 2 6 
0 2 1 1 3 12 
1 1 1 1 3 12 
2 0 1 1 3 12 
0 3 1 1 4 20 
1 2 1 1 4 20 
2 1 1 1 4 20 
3 0 1 1 4 20 
0 4 1 1 5 30 
1 3 1 1 5 30 
2 2 1 1 5 30 
3 1 1 1 5 30 
4 0 1 1 5 30 
0 5 1 1 6 42 
1 4 1 1 6 42 
2 3 1 1 6 42 
3 2 1 1 6 42 
4 1 1 1 6 42 
5 0 1 1 6 42 
0 6 1 1 7 56 
1 5 1 1 7 56 
2 4 1 1 7 56 
3 3 1 1 7 56 
4 2 1 1 7 56 
5 1 1 1 7 56 
6 0 1 1 7 56 
0 7 1 1 8 72 
1 6 1 1 8 72 
2 5 1 1 8 72 
3 4 1 1 8 72 
4 3 1 1 8 72 
5 2 1 1 8 72 
6 1 1 1 8 72 
7 0 1 1 8 72 
