0 0 0 1 -1 1 2 
0 0 1 1 -1 2 8 
0 1 0 1 -1 2 8 
1 0 0 1 -1 2 8 
0 0 2 1 -1 3 20 
0 1 1 1 -1 3 20 
0 2 0 1 -1 3 20 
1 0 1 1 -1 3 20 
1 1 0 1 -1 3 20 
2 0 0 1 -1 3 20 
0 0 3 1 -1 4 40 
0 1 2 1 -1 4 40 
0 2 1 1 -1 4 40 
0 3 0 1 -1 4 40 
1 0 2 1 -1 4 40 
1 1 1 1 -1 4 40 
1 2 0 1 -1 4 40 
2 0 1 1 -1 4 40 
2 1 0 1 -1 4 40 
3 0 0 1 -1 4 40 
0 0 4 1 -1 5 70 
0 1 3 1 -1 5 70 
0 2 2 1 -1 5 70 
0 3 1 1 -1 5 70 
0 4 0 1 -1 5 70 
1 0 3 1 -1 5 70 
1 1 2 1 -1 5 70 
1 2 1 1 -1 5 70 
1 3 0 1 -1 5 70 
2 0 2 1 -1 5 70 
2 1 1 1 -1 5 70 
2 2 0 1 -1 5 70 
3 0 1 1 -1 5 70 
3 1 0 1 -1 5 70 
4 0 0 1 -1 5 70 
0 0 5 1 -1 6 112 
0 1 4 1 -1 6 112 
0 2 3 1 -1 6 112 
0 3 2 1 -1 6 112 
0 4 1 1 -1 6 112 
0 5 0 1 -1 6 112 
1 0 4 1 -1 6 112 
1 1 3 1 -1 6 112 
1 2 2 1 -1 6 112 
1 3 1 1 -1 6 112 
1 4 0 1 -1 6 112 
2 0 3 1 -1 6 112 
2 1 2 1 -1 6 112 
2 2 1 1 -1 6 112 
2 3 0 1 -1 6 112 
3 0 2 1 -1 6 112 
3 1 1 1 -1 6 112 
3 2 0 1 -1 6 112 
4 0 1 1 -1 6 112 
4 1 0 1 -1 6 112 
5 0 0 1 -1 6 112 
0 0 6 1 -1 7 168 
0 1 5 1 -1 7 168 
0 2 4 1 -1 7 168 
0 3 3 1 -1 7 168 
0 4 2 1 -1 7 168 
0 5 1 1 -1 7 168 
0 6 0 1 -1 7 168 
1 0 5 1 -1 7 168 
1 1 4 1 -1 7 168 
1 2 3 1 -1 7 168 
1 3 2 1 -1 7 168 
1 4 1 1 -1 7 168 
1 5 0 1 -1 7 168 
2 0 4 1 -1 7 168 
2 1 3 1 -1 7 168 
2 2 2 1 -1 7 168 
2 3 1 1 -1 7 168 
2 4 0 1 -1 7 168 
3 0 3 1 -1 7 168 
3 1 2 1 -1 7 168 
3 2 1 1 -1 7 168 
3 3 0 1 -1 7 168 
4 0 2 1 -1 7 168 
4 1 1 1 -1 7 168 
4 2 0 1 -1 7 168 
5 0 1 1 -1 7 168 
5 1 0 1 -1 7 168 
6 0 0 1 -1 7 168 
0 0 0 1 1 1 2 
0 0 1 1 1 2 8 
0 1 0 1 1 2 8 
1 0 0 1 1 2 8 
0 0 2 1 1 3 20 
0 1 1 1 1 3 20 
0 2 0 1 1 3 20 
1 0 1 1 1 3 20 
1 1 0 1 1 3 20 
2 0 0 1 1 3 20 
0 0 3 1 1 4 40 
0 1 2 1 1 4 40 
0 2 1 1 1 4 40 
0 3 0 1 1 4 40 
1 0 2 1 1 4 40 
1 1 1 1 1 4 40 
1 2 0 1 1 4 40 
2 0 1 1 1 4 40 
2 1 0 1 1 4 40 
3 0 0 1 1 4 40 
0 0 4 1 1 5 70 
0 1 3 1 1 5 70 
0 2 2 1 1 5 70 
0 3 1 1 1 5 70 
0 4 0 1 1 5 70 
1 0 3 1 1 5 70 
1 1 2 1 1 5 70 
1 2 1 1 1 5 70 
1 3 0 1 1 5 70 
2 0 2 1 1 5 70 
2 1 1 1 1 5 70 
2 2 0 1 1 5 70 
3 0 1 1 1 5 70 
3 1 0 1 1 5 70 
4 0 0 1 1 5 70 
0 0 5 1 1 6 112 
0 1 4 1 1 6 112 
0 2 3 1 1 6 112 
0 3 2 1 1 6 112 
0 4 1 1 1 6 112 
0 5 0 1 1 6 112 
1 0 4 1 1 6 112 
1 1 3 1 1 6 112 
1 2 2 1 1 6 112 
1 3 1 1 1 6 112 
1 4 0 1 1 6 112 
2 0 3 1 1 6 112 
2 1 2 1 1 6 112 
2 2 1 1 1 6 112 
2 3 0 1 1 6 112 
3 0 2 1 1 6 112 
3 1 1 1 1 6 112 
3 2 0 1 1 6 112 
4 0 1 1 1 6 112 
4 1 0 1 1 6 112 
5 0 0 1 1 6 112 
0 0 6 1 1 7 168 
0 1 5 1 1 7 168 
0 2 4 1 1 7 168 
0 3 3 1 1 7 168 
0 4 2 1 1 7 168 
0 5 1 1 1 7 168 
0 6 0 1 1 7 168 
1 0 5 1 1 7 168 
1 1 4 1 1 7 168 
1 2 3 1 1 7 168 
1 3 2 1 1 7 168 
1 4 1 1 1 7 168 
1 5 0 1 1 7 168 
2 0 4 1 1 7 168 
2 1 3 1 1 7 168 
2 2 2 1 1 7 168 
2 3 1 1 1 7 168 
2 4 0 1 1 7 168 
3 0 3 1 1 7 168 
3 1 2 1 1 7 168 
3 2 1 1 1 7 168 
3 3 0 1 1 7 168 
4 0 2 1 1 7 168 
4 1 1 1 1 7 168 
4 2 0 1 1 7 168 
5 0 1 1 1 7 168 
5 1 0 1 1 7 168 
6 0 0 1 1 7 168 
