0 0 1 -1 1 2 
0 1 1 -1 2 6 
1 0 1 -1 2 6 
0 2 1 -1 3 12 
1 1 1 -1 3 12 
2 0 1 -1 3 12 
0 3 1 -1 4 20 
1 2 1 -1 4 20 
2 1 1 -1 4 20 
3 0 1 -1 4 20 
0 4 1 -1 5 30 
1 3 1 -1 5 30 
2 2 1 -1 5 30 
3 1 1 -1 5 30 
4 0 1 -1 5 30 
0 5 1 -1 6 42 
1 4 1 -1 6 42 
2 3 1 -1 6 42 
3 2 1 -1 6 42 
4 1 1 -1 6 42 
5 0 1 -1 6 42 
0 6 1 -1 7 56 
1 5 1 -1 7 56 
2 4 1 -1 7 56 
3 3 1 -1 7 56 
4 2 1 -1 7 56 
5 1 1 -1 7 56 
6 0 1 -1 7 56 
0 7 1 -1 8 72 
1 6 1 -1 8 72 
2 5 1 -1 8 72 
3 4 1 -1 8 72 
4 3 1 -1 8 72 
5 2 1 -1 8 72 
6 1 1 -1 8 72 
7 0 1 -1 8 72 
0 8 1 -1 9 90 
1 7 1 -1 9 90 
2 6 1 -1 9 90 
3 5 1 -1 9 90 
4 4 1 -1 9 90 
5 3 1 -1 9 90 
6 2 1 -1 9 90 
7 1 1 -1 9 90 
8 0 1 -1 9 90 
0 9 1 -1 10 110 
1 8 1 -1 10 110 
2 7 1 -1 10 110 
3 6 1 -1 10 110 
4 5 1 -1 10 110 
5 4 1 -1 10 110 
6 3 1 -1 10 110 
7 2 1 -1 10 110 
8 1 1 -1 10 110 
9 0 1 -1 10 110 
0 10 1 -1 11 132 
1 9 1 -1 11 132 
2 8 1 -1 11 132 
3 7 1 -1 11 132 
4 6 1 -1 11 132 
5 5 1 -1 11 132 
6 4 1 -1 11 132 
7 3 1 -1 11 132 
8 2 1 -1 11 132 
9 1 1 -1 11 132 
10 0 1 -1 11 132 
0 11 1 -1 12 156 
1 10 1 -1 12 156 
2 9 1 -1 12 156 
3 8 1 -1 12 156 
4 7 1 -1 12 156 
5 6 1 -1 12 156 
6 5 1 -1 12 156 
7 4 1 -1 12 156 
8 3 1 -1 12 156 
9 2 1 -1 12 156 
10 1 1 -1 12 156 
11 0 1 -1 12 156 
0 12 1 -1 13 182 
1 11 1 -1 13 182 
2 10 1 -1 13 182 
3 9 1 -1 13 182 
4 8 1 -1 13 182 
5 7 1 -1 13 182 
6 6 1 -1 13 182 
7 5 1 -1 13 182 
8 4 1 -1 13 182 
9 3 1 -1 13 182 
10 2 1 -1 13 182 
11 1 1 -1 13 182 
12 0 1 -1 13 182 
0 13 1 -1 14 210 
1 12 1 -1 14 210 
2 11 1 -1 14 210 
3 10 1 -1 14 210 
4 9 1 -1 14 210 
5 8 1 -1 14 210 
6 7 1 -1 14 210 
7 6 1 -1 14 210 
8 5 1 -1 14 210 
9 4 1 -1 14 210 
10 3 1 -1 14 210 
11 2 1 -1 14 210 
12 1 1 -1 14 210 
13 0 1 -1 14 210 
0 14 1 -1 15 240 
1 13 1 -1 15 240 
2 12 1 -1 15 240 
3 11 1 -1 15 240 
4 10 1 -1 15 240 
5 9 1 -1 15 240 
6 8 1 -1 15 240 
7 7 1 -1 15 240 
8 6 1 -1 15 240 
9 5 1 -1 15 240 
10 4 1 -1 15 240 
11 3 1 -1 15 240 
12 2 1 -1 15 240 
13 1 1 -1 15 240 
14 0 1 -1 15 240 
0 0 1 1 1 2 
0 1 1 1 2 6 
1 0 1 1 2 6 
0 2 1 1 3 12 
1 1 1 1 3 12 
2 0 1 1 3 12 
0 3 1 1 4 20 
1 2 1 1 4 20 
2 1 1 1 4 20 
3 0 1 1 4 20 
0 4 1 1 5 30 
1 3 1 1 5 30 
2 2 1 1 5 30 
3 1 1 1 5 30 
4 0 1 1 5 30 
0 5 1 1 6 42 
1 4 1 1 6 42 
2 3 1 1 6 42 
3 2 1 1 6 42 
4 1 1 1 6 42 
5 0 1 1 6 42 
0 6 1 1 7 56 
1 5 1 1 7 56 
2 4 1 1 7 56 
3 3 1 1 7 56 
4 2 1 1 7 56 
5 1 1 1 7 56 
6 0 1 1 7 56 
0 7 1 1 8 72 
1 6 1 1 8 72 
2 5 1 1 8 72 
3 4 1 1 8 72 
4 3 1 1 8 72 
5 2 1 1 8 72 
6 1 1 1 8 72 
7 0 1 1 8 72 
0 8 1 1 9 90 
1 7 1 1 9 90 
2 6 1 1 9 90 
3 5 1 1 9 90 
4 4 1 1 9 90 
5 3 1 1 9 90 
6 2 1 1 9 90 
7 1 1 1 9 90 
8 0 1 1 9 90 
0 9 1 1 10 110 
1 8 1 1 10 110 
2 7 1 1 10 110 
3 6 1 1 10 110 
4 5 1 1 10 110 
5 4 1 1 10 110 
6 3 1 1 10 110 
7 2 1 1 10 110 
8 1 1 1 10 110 
9 0 1 1 10 110 
0 10 1 1 11 132 
1 9 1 1 11 132 
2 8 1 1 11 132 
3 7 1 1 11 132 
4 6 1 1 11 132 
5 5 1 1 11 132 
6 4 1 1 11 132 
7 3 1 1 11 132 
8 2 1 1 11 132 
9 1 1 1 11 132 
10 0 1 1 11 132 
0 11 1 1 12 156 
1 10 1 1 12 156 
2 9 1 1 12 156 
3 8 1 1 12 156 
4 7 1 1 12 156 
5 6 1 1 12 156 
6 5 1 1 12 156 
7 4 1 1 12 156 
8 3 1 1 12 156 
9 2 1 1 12 156 
10 1 1 1 12 156 
11 0 1 1 12 156 
0 12 1 1 13 182 
1 11 1 1 13 182 
2 10 1 1 13 182 
3 9 1 1 13 182 
4 8 1 1 13 182 
5 7 1 1 13 182 
6 6 1 1 13 182 
7 5 1 1 13 182 
8 4 1 1 13 182 
9 3 1 1 13 182 
10 2 1 1 13 182 
11 1 1 1 13 182 
12 0 1 1 13 182 
0 13 1 1 14 210 
1 12 1 1 14 210 
2 11 1 1 14 210 
3 10 1 1 14 210 
4 9 1 1 14 210 
5 8 1 1 14 210 
6 7 1 1 14 210 
7 6 1 1 14 210 
8 5 1 1 14 210 
9 4 1 1 14 210 
10 3 1 1 14 210 
11 2 1 1 14 210 
12 1 1 1 14 210 
13 0 1 1 14 210 
0 14 1 1 15 240 
1 13 1 1 15 240 
2 12 1 1 15 240 
3 11 1 1 15 240 
4 10 1 1 15 240 
5 9 1 1 15 240 
6 8 1 1 15 240 
7 7 1 1 15 240 
8 6 1 1 15 240 
9 5 1 1 15 240 
10 4 1 1 15 240 
11 3 1 1 15 240 
12 2 1 1 15 240 
13 1 1 1 15 240 
14 0 1 1 15 240 
