0 0 0 1 -1 1 2 
0 0 1 1 -1 2 8 
0 1 0 1 -1 2 8 
1 0 0 1 -1 2 8 
0 0 2 1 -1 3 20 
0 1 1 1 -1 3 20 
0 2 0 1 -1 3 20 
1 0 1 1 -1 3 20 
1 1 0 1 -1 3 20 
2 0 0 1 -1 3 20 
0 0 3 1 -1 4 40 
0 1 2 1 -1 4 40 
0 2 1 1 -1 4 40 
0 3 0 1 -1 4 40 
1 0 2 1 -1 4 40 
1 1 1 1 -1 4 40 
1 2 0 1 -1 4 40 
2 0 1 1 -1 4 40 
2 1 0 1 -1 4 40 
3 0 0 1 -1 4 40 
0 0 4 1 -1 5 70 
0 1 3 1 -1 5 70 
0 2 2 1 -1 5 70 
0 3 1 1 -1 5 70 
0 4 0 1 -1 5 70 
1 0 3 1 -1 5 70 
1 1 2 1 -1 5 70 
1 2 1 1 -1 5 70 
1 3 0 1 -1 5 70 
2 0 2 1 -1 5 70 
2 1 1 1 -1 5 70 
2 2 0 1 -1 5 70 
3 0 1 1 -1 5 70 
3 1 0 1 -1 5 70 
4 0 0 1 -1 5 70 
0 0 0 1 1 1 2 
0 0 1 1 1 2 8 
0 1 0 1 1 2 8 
1 0 0 1 1 2 8 
0 0 2 1 1 3 20 
0 1 1 1 1 3 20 
0 2 0 1 1 3 20 
1 0 1 1 1 3 20 
1 1 0 1 1 3 20 
2 0 0 1 1 3 20 
0 0 3 1 1 4 40 
0 1 2 1 1 4 40 
0 2 1 1 1 4 40 
0 3 0 1 1 4 40 
1 0 2 1 1 4 40 
1 1 1 1 1 4 40 
1 2 0 1 1 4 40 
2 0 1 1 1 4 40 
2 1 0 1 1 4 40 
3 0 0 1 1 4 40 
0 0 4 1 1 5 70 
0 1 3 1 1 5 70 
0 2 2 1 1 5 70 
0 3 1 1 1 5 70 
0 4 0 1 1 5 70 
1 0 3 1 1 5 70 
1 1 2 1 1 5 70 
1 2 1 1 1 5 70 
1 3 0 1 1 5 70 
2 0 2 1 1 5 70 
2 1 1 1 1 5 70 
2 2 0 1 1 5 70 
3 0 1 1 1 5 70 
3 1 0 1 1 5 70 
4 0 0 1 1 5 70 
